Xr;;;;;;;;;;;;;;;;;;;;;;;;;;;;;;;;;;;;r
 8888888Z8888Z88888Z88Z8ZZ8Z8ZZ88888Z88
 88888888888888888888888888888888888888
 88888888888880808888888888880808888888
 88880088880888808888088888888080888888
 88088880888888888088888888080088888888
 88808880888888888888808888888888888888
 88880888888088888888888888008008888888
 88888088808888888880088888880888808888
 88088888800088888808888088888888888088
 88808888800888808888808088088888008888
 88880888888888888008880888888888888888
 88088888888888888088888008888088088888
 88888888888888888888888888888888888888
 ZZZZZZZZZZZZZZZZZZZZZZZZZZZZZZZZZZZZZZ
