X;;;;;;;;;;;;;;;;;;;;;;;;;;;;;;;;;;;;;;
 8ZZ888888Z8888888Z888Z88Z88888Z8Z88888
 88888888888888888888888888888888888888
 88808880888880008080888888088808088888
 88888808888888888888880888888888888088
 88888080888808088888888888888880888888
 88088008888888888888008808880888088888
 88888808888808808888888888888888888888
 88888880800888888880888888088088880088
 88888888888808888888888088808880888888
 88088808888888088888888888888880088888
 88888800088888808808008088888888888888
 88080888880888888088888888888880888888
 88888888888888888888888888888888888888
 ZZZZZZZZZZZZZZZZZZZZZZZZZZZZZZZZZZZZZZ
