Xr;;;;;;;;;;;;;;;;;;;;;;;;;;;;;;;;;;;;;
 88888888Z8Z888ZZZ888888888888888888888
 88888888888888888888888888888888888888
 88888888808888880088088888880008888888
 88880880008888888800888888888088888888
 88088888888888808808808808888888088888
 88808888888088808888888808888888888088
 88888888888088888888888088808888888888
 88888888888808888888888888088888888088
 88808888888888880880808888888888088888
 88888888888088888808888808088088888888
 88088888808888080888888888888880088088
 88888808880888880888088088888888800888
 88888888888888888888888888888888888888
 ZZZZZZZZZZZZZZZZZZZZZZZZZZZZZZZZZZZZZZ
