X;;;;;;;;;;;;;;;;;;;;;;;;;;;;;;;;;;;;;;
 8Z8888888Z8888888Z88Z8ZZ88888888Z88Z88
 88888888888888888888888888888888888888
 88888888088088888088088888888808808888
 88088088808808888888808888008888888888
 88088888888888888808888088008888888888
 88808888080888888888888008888888800888
 88880088888888888888888808888888888088
 88888880888808888888888888888088880088
 88880080888808880080888808808880888888
 88888808888888888888808888888888888888
 88800888888888888888000888888808880088
 88888880888880808888888888880808808888
 88888888888888888888888888888888888888
 ZZZZZZZZZZZZZZZZZZZZZZZZZZZZZZZZZZZZZZ
