Xr;;;;;;;;;;;;;;;;;;;;;;;;;;;;;;;;;;;;r
 8ZZ888Z888Z888888888ZZZ888Z88Z88888888
 88888888888888888888888888888888888888
 88088888088888880880088888888808880888
 88888088888080808888880088888888888088
 88088888888080088888888808888888888888
 88808888888880880880888888888880880088
 88888880088088888888808888888808888888
 88088888808888808808888888888808880888
 88888808888888088888880880888888888888
 88888088808888888888088888880888888888
 88888888888888888080888888808808088888
 88880888888088888088888880888808888888
 88888888888888888888888888888888888888
 ZZZZZZZZZZZZZZZZZZZZZZZZZZZZZZZZZZZZZZ
