Xr;;;;;;;;;;;;;;;;;;;;;;;;;;;;;;;;;;;;;
 8888888Z88Z888888Z8888888888888888ZZZ8
 88888888888888888888888888888888888888
 88880088808088880880880800888808888888
 88888888808888808888888888088880008888
 88088880808880800008080888888888888888
 88888888088888888888888888888888888888
 88880888808888088880888888808088888888
 88888888888888808880888888888880880888
 88808888888888808888088888888888880888
 88888888880888888880080888888888800888
 88888888888880888880888888808008888888
 88008808888088888888888888888088888888
 88888888888888888888888888888888888888
 ZZZZZZZZZZZZZZZZZZZZZZZZZZZZZZZZZZZZZZ
