Xr;;;;;;;;;;;;;;;;;;;;;;;;;;;;;;;;;;;;;
 888888888Z8888888888888888888888888Z88
 88888888888888888888888888888888888888
 88888808888888088808808888888808888888
 88800088888880088888888888888888888888
 88800088888808808888888888808088888088
 88888888888880888888808888888800800888
 88088888888880888800008880888888088888
 88888888888888888888888888088808888088
 88808888888888888088888888880088088888
 88888088808888888080888808088808888888
 88800888808088008088088888888888888888
 88008888888888880808888808888808808888
 88888888888888888888888888888888888888
 ZZZZZZZZZZZZZZZZZZZZZZZZZZZZZZZZZZZZZZ
