X;;;;;;;;;;;;;;;;;;;;;;;;;;;;;;;;;;;;;r
 8888888Z8Z888Z8888888888888888Z88888Z8
 88888888888888888888888888888888888888
 88880888880888088888008880088808880888
 88888888888888888880888888888888088088
 88088888888808880080888880888880888088
 88880880888808808888880088808888888888
 88888888888080888888888888888888888888
 88888888888888888888088888088888888888
 88088888888888888888880880808880080888
 88888888888880808808088888880888888888
 88888888888808888888088008880888888888
 88888888888888888888008888808880088888
 88888888888888888888888888888888888888
 ZZZZZZZZZZZZZZZZZZZZZZZZZZZZZZZZZZZZZZ
