Xr;;;;;;;;;;;;;;;;;;;;;;;;;;;;;;;;;;;;r
 8888Z88888888Z88Z8Z88888Z8888888Z88Z88
 88888888888888888888888888888888888888
 88888088888888888888888080880800888888
 88888008808088888888888888800088888888
 88080888808808888888088808888888088888
 88888888880888808888880088088888888888
 88880880088888808808888088888888808888
 88880888888888808888088888888888888088
 88008880888808888880888088888888888888
 88888888808888880888888008888088088888
 88088808888088808888880880888088888888
 88888888880888088888888888888888880888
 88888888888888888888888888888888888888
 ZZZZZZZZZZZZZZZZZZZZZZZZZZZZZZZZZZZZZZ
