Xr;;;;;;;;;;;;;;;;;;;;;;;;;;;;;;;;;;;;r
 888888888Z88Z8Z8888888888Z8888Z88Z8888
 88888888888888888888888888888888888888
 88880888888088888888888880880808888888
 88888880888088888888080088888888808888
 88008888888888088808888888008880888888
 88888880808888888888888888888888888888
 88888088808888880888888808008888088888
 88888888888008888880088080088888888888
 88888888888888008808888888888888808088
 88888808880888888808808888888888888888
 88008880888888088808888888888880800888
 88888888888888888888880808888888880888
 88888888888888888888888888888888888888
 ZZZZZZZZZZZZZZZZZZZZZZZZZZZZZZZZZZZZZZ
