Xr;;;;;;;;;;;;;;;;;;;;;;;;;;;;;;;;;;;;r
 8888888888888888Z888Z88Z88888888888888
 88888888888888888888888888888888888888
 88888888088888888888888880888808888088
 88088888880888880800088088888080808088
 88808888080888888088800888880888888888
 88888888888888880888888088088088888888
 88888808888888080888888888888880888888
 88888880888888888888888888800088088888
 88888888880888888888000880880888888888
 88888080888888888888080888880888888888
 88888808808088888888088888088888808088
 88888888888888888880888808088088088888
 88888888888888888888888888888888888888
 ZZZZZZZZZZZZZZZZZZZZZZZZZZZZZZZZZZZZZZ
