X;;;;;;;;;;;;;;;;;;;;;;;;;;;;;;;;;;;;;;
 888888Z888Z8Z88888888888888Z888ZZ888Z8
 88888888888888888888888888888888888888
 88880888888888888880888880080008888888
 88888888888880888888088808888888888888
 88088808088880888888808888888888088088
 88880888088888888088880080880808888088
 88888808888088800888888888880888880888
 88888800888880888888880880808888888888
 88888088808888088888088888888888808888
 88888808888888880888888888088888888888
 88808088888080888888088888888880088888
 88000880880888800888888808888888088088
 88888888888888888888888888888888888888
 ZZZZZZZZZZZZZZZZZZZZZZZZZZZZZZZZZZZZZZ
