Xr;;;;;;;;;;;;;;;;;;;;;;;;;;;;;;;;;;;;r
 88888888888888Z88888888888888888888888
 88888888888888888888888888888888888888
 88888888808888808808880880008808088888
 88888888888888008888808880888088888088
 88088888888888888888880880088888080888
 88088088808888888888880088888888888088
 88088088888088008888888888888088888088
 88888880888080080808888088808880880888
 88888888888008888808808888888008888888
 88808888888000888088808888888888888888
 88888808888088888888080888888888808088
 88888808808888888088088888808888888888
 88888888888888888888888888888888888888
 ZZZZZZZZZZZZZZZZZZZZZZZZZZZZZZZZZZZZZZ
