Xr;;;;;;;;;;;;;;;;;;;;;;;;;;;;;;;;;;;;;
 888888888888888Z88888888888Z88888Z8888
 88888888888888888888888888888888888888
 88880880888880888088888880088808008888
 88888888880808880888880808808888888888
 88080888888088088080888888888888880888
 88888888880888888888888808088008888888
 88888800888888888888088800800808808888
 88008808888888888880888888888888888888
 88888888800888888888888808888088888088
 88888888888088088888880088888888888888
 88888888888888880888888880808888888088
 88888888888880880888888880888888888888
 88888888888888888888888888888888888888
 ZZZZZZZZZZZZZZZZZZZZZZZZZZZZZZZZZZZZZZ
