Xr;;;;;;;;;;;;;;;;;;;;;;;;;;;;;;;;;;;;;
 88888888Z8888Z888888Z88888888888888Z88
 88888888888888888888888888888888888888
 88888888088888888888888888888888880888
 88880888888888808888888808888808080888
 88888088080088888088800888888888888888
 88880888808888088888888088808880808888
 88888888888888888808008888888888880888
 88088888888800880888888888888080880888
 88888880888808888888808888888888808888
 88088888888888888888888888888888888088
 88888088888888888080888008888888880888
 88808888088088888088880008888888808888
 88888888888888888888888888888888888888
 ZZZZZZZZZZZZZZZZZZZZZZZZZZZZZZZZZZZZZZ
