Xr;;;;;;;;;;;;;;;;;;;;;;;;;;;;;;;;;;;;;
 8Z88Z8888888ZZZ88888Z8Z8Z8888888888888
 88888888888888888888888888888888888888
 88888888880888008808880888888808888088
 88008888088888880888888080888880088888
 88008888888808080888888808888888888888
 88008880888808880888808088008880080088
 88888888888888008888088888088888880888
 88888888888088888888880080808088088888
 88880088808888888888888888888808888888
 88888888888880088888888888808088800888
 88888888888888888088088088888888888888
 88088088080888888888888888880008088888
 88888888888888888888888888888888888888
 ZZZZZZZZZZZZZZZZZZZZZZZZZZZZZZZZZZZZZZ
