Xr;;;;;;;;;;;;;;;;;;;;;;;;;;;;;;;;;;;;r
 8888Z888Z88888Z8888888888ZZ888Z88ZZ8Z8
 88888888888888888888888888888888888888
 88888808800880888008808880808808088888
 88008888088888808888888808808888808888
 88888808880888888008888888880880888088
 88888088080888888888808888808888808888
 88888888888888888888808888888080088088
 88808888808808888888888088088888888888
 88880808808088088808888888808888080088
 88808888888088888000888808888888880888
 88888888888088888088008888088888880888
 88888888808888888880888888880888888888
 88888888888888888888888888888888888888
 ZZZZZZZZZZZZZZZZZZZZZZZZZZZZZZZZZZZZZZ
