X;;;;;;;;;;;;;;;;;;;;;;;;;;;;;;;;;;;;;r
 8Z8888888888888888Z888Z8888888Z8888888
 88888888888888888888888888888888888888
 88888880808888888088888880808008888888
 88088888888888888888888888888888888888
 88080888888888888888088880808880888888
 88808008888888800888888888880808880888
 88888808888088888888888080088888008888
 88888888888888880888888888888808888888
 88080808888888888888888088880088888888
 88808008888880888008888888888800088888
 88888088808888888808808888080888808888
 88880888880888888888000888080808888888
 88888888888888888888888888888888888888
 ZZZZZZZZZZZZZZZZZZZZZZZZZZZZZZZZZZZZZZ
