Xr;;;;;;;;;;;;;;;;;;;;;;;;;;;;;;;;;;;;;
 8888888888888Z8Z8888888888888Z88Z888Z8
 88888888888888888888888888888888888888
 88808888888888888888888880880008888888
 88888880888888088888888888088088808888
 88888888888888800888888888880888880088
 88888888808808880888088000888088888888
 88008888888888888888080808888880880888
 88888888888888888888088888888088888888
 88888008888888880888888088888888888888
 88888808888888888880888088888888808888
 88888888888088888880088080080800888888
 88888880088888888880880888808880088088
 88888888888888888888888888888888888888
 ZZZZZZZZZZZZZZZZZZZZZZZZZZZZZZZZZZZZZZ
