X;;;;;;;;;;;;;;;;;;;;;;;;;;;;;;;;;;;;;;
 88888888888Z888ZZ8888Z8888Z88888Z88888
 88888888888888888888888888888888888888
 88880808888888888888888880080808808888
 88808808888808888800888888088888888888
 88088888888888088880888088888888888888
 88880808888888888800808888888080888888
 88888888888080080888808888888088880088
 88888888808888080888888808888880880888
 88888008888888880888888808888888888888
 88888888088888888888888888008888808888
 88880888080888880088088808888888888888
 88888008888808888888888888888088888888
 88888888888888888888888888888888888888
 ZZZZZZZZZZZZZZZZZZZZZZZZZZZZZZZZZZZZZZ
