X;;;;;;;;;;;;;;;;;;;;;;;;;;;;;;;;;;;;;;
 8Z88888Z888888888888888888888888888Z88
 88888888888888888888888888888888888888
 88888888808888888888008888808808880888
 88808888888888888888880880880888888888
 88888088888888088808888888888888888088
 88088088880888888888880080888808088888
 88800888880880088088880888000888880888
 88888888888888888888888888888888888888
 88088080088808080888088088880888888888
 88888888880888888088880880808808888888
 88888888808880888888088888888888088888
 88888088888888880808888888888888008888
 88888888888888888888888888888888888888
 ZZZZZZZZZZZZZZZZZZZZZZZZZZZZZZZZZZZZZZ
