X;;;;;;;;;;;;;;;;;;;;;;;;;;;;;;;;;;;;;;
 888888ZZ888888888ZZ888888Z888888Z888Z8
 88888888888888888888888888888888888888
 88888888880888888088080888888808880088
 88880880808888880888888088888088888888
 88888888880888888888880888888088888088
 88888808888888808088088888008888880888
 88888888888880888888888888888888880888
 88888888808808808808888888888888008888
 88888008888888888888888888888880888888
 88888808888880888880888888888008088888
 88888088880088888008088888888888880888
 88888888888088888088000888888800888088
 88888888888888888888888888888888888888
 ZZZZZZZZZZZZZZZZZZZZZZZZZZZZZZZZZZZZZZ
