Xr;;;;;;;;;;;;;;;;;;;;;;;;;;;;;;;;;;;;r
 8ZZ88888Z8888888ZZZ8Z8Z88888888888Z8Z8
 88888888888888888888888888888888888888
 88088888888088808888888888888808008888
 88888888808808888888088888888808888088
 88088888088888088888888808888888888088
 88808888888888800888888088888808880888
 88888888088888808888888088888888888888
 88888888888888888888888888808088808888
 88808888888808888888088008888888088888
 88888880888088888808888088888888088888
 88888888088888808880088880808088888888
 88888808888808880888888888088800088888
 88888888888888888888888888888888888888
 ZZZZZZZZZZZZZZZZZZZZZZZZZZZZZZZZZZZZZZ
