X;;;;;;;;;;;;;;;;;;;;;;;;;;;;;;;;;;;;;r
 8888888888ZZZ88888888Z8888888888Z88888
 88888888888888888888888888888888888888
 88008888088888888880088888880808880888
 88888800808888888888888888880808808888
 88880880888880888808888888888888888888
 88888808888880888800088888880800888888
 88888888888888088800880880888888800888
 88088888888088088888888808888888808088
 88808088880888888088888888888088888888
 88888888008888888880888880808888888888
 88888880888808008808088888088088888888
 88888888808088880880888888008088888888
 88888888888888888888888888888888888888
 ZZZZZZZZZZZZZZZZZZZZZZZZZZZZZZZZZZZZZZ
