X;;;;;;;;;;;;;;;;;;;;;;;;;;;;;;;;;;;;;;
 8Z8888888Z88Z88888Z88888888Z8888888888
 88888888888888888888888888888888888888
 88888888888808800888888888888008888088
 88888888888888888888888888888888888888
 88808888888088888888880888000888880888
 88888008088880808888888888888888888888
 88888888008888808888880008888880880888
 88808808008088088888880888808888888888
 88808808088880888008888888888880888888
 88008888800808808888880080888888008888
 88888888880888808888888888888888808088
 88008888808888888888880888888888888888
 88888888888888888888888888888888888888
 ZZZZZZZZZZZZZZZZZZZZZZZZZZZZZZZZZZZZZZ
