X;;;;;;;;;;;;;;;;;;;;;;;;;;;;;;;;;;;;;;
 888888Z888888888Z8Z8888ZZZ88888Z888Z88
 88888888888888888888888888888888888888
 88888888888888888888880888888808888888
 88088088808888888888888888880888808888
 88888888880888008888088888088088888888
 88888080888888808888888880888888888888
 88888080888888888888888888880888888888
 88888888888800888888088888888880088888
 88080888888888808888808888888888888888
 88888888888888800880008880888888088888
 88088088088888088888888088088888888888
 88088808880800808880008880880888800888
 88888888888888888888888888888888888888
 ZZZZZZZZZZZZZZZZZZZZZZZZZZZZZZZZZZZZZZ
