Xr;;;;;;;;;;;;;;;;;;;;;;;;;;;;;;;;;;;;r
 88Z888ZZ888888888ZZ88888888888888Z8Z88
 88888888888888888888888888888888888888
 88880880888088888880888880088888088888
 88888000888808880880888880888888888888
 88880808888888888888888888088888088888
 88888000808888880888808888808008008888
 88888088888888888888888008888808888888
 88888888008088888888088880808888800088
 88880088880880800888888088888888888088
 88880808800808888888808888888088888888
 88880888888888888888888880888880088088
 88808880808088888808808880880888888088
 88888888888888888888888888888888888888
 ZZZZZZZZZZZZZZZZZZZZZZZZZZZZZZZZZZZZZZ
