X;;;;;;;;;;;;;;;;;;;;;;;;;;;;;;;;;;;;;;
 8ZZ88ZZ888Z888Z8Z888888Z8ZZ8Z888Z888Z8
 88888888888888888888888888888888888888
 88888888880888888888888888888888888088
 88888888808888888880088888888888888888
 88888888888808888888088800888888888888
 88808888888088888880880808880808800888
 88888888888008808888080088088888888888
 88808888880888880888888888888808808888
 88880880888808888808888880888888888888
 88888080888888888888808880888888888088
 88088888888888888888888808808888888888
 88808808888888888888888888080888088888
 88888888888888888888888888888888888888
 ZZZZZZZZZZZZZZZZZZZZZZZZZZZZZZZZZZZZZZ
