X;;;;;;;;;;;;;;;;;;;;;;;;;;;;;;;;;;;;;;
 8888Z8888888888888888888888Z888888Z8Z8
 88888888888888888888888888888888888888
 88888888088888888808880888888888880888
 88880888088800808888880888088800888888
 88888808080888888880808888888808888888
 88888888880880088080888888888888808888
 88888808800888888888888888800888888888
 88088808888808888808880080888888888888
 88088888888088888088888888888088888888
 88888888888888888880888088888888888888
 88888888888888808880888888088808088888
 88888888888888888880888808088888888888
 88888888888888888888888888888888888888
 ZZZZZZZZZZZZZZZZZZZZZZZZZZZZZZZZZZZZZZ
